ITS2 type profile UID		11	12	13	14	15	18	19	16	17	21	20	22	23	24
Clade		A	A	A	B	B	B	B	B	B	C	C	C	D	D
Majority ITS2 sequence		A4	A4	noName/A4	noName	B1	B19	noName	B23	B2	C1d	C66	C17	D6	D4
Associated species		S. linucheae	S. linucheae	S. linucheae	None	S. minutum,S. antillogorgium,S. pseudominutum	None	None	None	S. psygmophilum	None	None	None	None	None
ITS2 profile abundance local		31	22	5	7	6	6	2	1	1	4	1	1	1	1
ITS2 profile abundance DB		31	22	5	7	6	6	2	1	1	4	1	1	1	1
ITS2 type profile		A4-A4.3-A4e-A4a-A4o	A4-A4.3-A4a-A4e-A4s	1402_A/A4-A4a-A4.3	1374	B1	B19	1477	B23	B2	C1d	C66	C17	D6	D4
336	HPW014	37316.0	0	0	0	0	0	0	0	0	0	0	0	0	0
381	HPW059	30507.0	0	0	0	0	0	0	0	0	0	0	0	0	0
361	HPW039	21912.0	0	0	0	0	0	0	0	0	0	0	0	0	0
367	HPW045	38271.0	0	0	0	0	0	0	0	0	0	0	0	0	0
331	HPW009	26839.0	0	0	0	0	0	0	0	0	0	0	0	0	0
356	HPW034	33783.0	0	0	0	0	0	0	0	0	0	0	0	0	0
378	HPW056	61066.0	0	0	303.0	0	0	0	0	0	0	0	0	0	0
351	HPW029	477.0	0	0	0	0	0	0	0	0	0	0	0	0	0
348	HPW026	34901.0	0	0	0	0	0	0	0	0	0	0	0	0	0
335	HPW013	39526.0	0	0	0	0	0	0	0	0	0	0	0	0	0
360	HPW038	51745.0	0	0	0	0	130.0	0	0	0	0	0	0	0	0
347	HPW025	25426.0	0	0	136.0	0	0	0	0	0	0	0	0	0	0
353	HPW031	17536.0	0	0	0	0	0	0	0	0	0	0	0	0	0
371	HPW049	32293.0	0	0	0	0	0	0	0	0	0	0	0	0	0
355	HPW033	25840.0	0	0	0	75.0	140.0	0	0	0	0	0	0	0	0
341	HPW019	33379.0	0	0	147.0	97.0	0	0	0	0	0	0	0	0	0
346	HPW024	25903.0	0	0	0	0	0	0	0	0	0	0	0	0	0
379	HPW057	24861.0	0	0	133.0	23.0	0	0	0	0	0	0	0	0	0
333	HPW011	26361.0	0	0	401.0	0	0	0	0	0	0	0	0	0	0
362	HPW040	24012.0	0	0	0	0	0	0	0	0	0	0	0	0	0
357	HPW035	33311.0	0	0	0	37.0	15.0	32.0	0	0	0	0	0	0	0
377	HPW055	32545.0	0	0	0	0	0	0	0	74.0	0	0	0	0	0
323	HPW001	30330.0	0	0	0	0	0	0	0	0	287.0	0	0	0	0
326	HPW004	32421.0	0	0	0	0	0	0	0	0	0	0	0	0	0
375	HPW053	31736.0	0	0	0	0	0	0	0	0	0	0	0	0	0
328	HPW006	24358.0	0	0	0	0	0	0	0	0	0	0	0	0	0
380	HPW058	37157.0	0	0	155.0	0	486.0	0	0	0	0	0	0	0	0
329	HPW007	30280.0	0	0	0	0	1310.0	0	0	0	0	760.0	0	0	0
339	HPW017	21888.0	0	0	288.0	1564.0	0	0	0	0	0	0	0	0	0
364	HPW042	36976.0	0	0	0	0	3637.0	0	0	0	0	0	0	0	0
327	HPW005	30858.0	0	0	0	0	0	0	2778.0	0	0	0	0	0	0
359	HPW037	0	34157.0	0	0	0	0	0	0	0	0	0	0	0	0
332	HPW010	0	28877.0	0	0	0	0	0	0	0	0	0	0	0	0
376	HPW054	0	21096.0	0	0	0	0	0	0	0	0	0	0	0	0
373	HPW051	0	25238.0	0	0	0	0	0	0	0	0	0	0	0	0
325	HPW003	0	13129.0	0	0	0	0	0	0	0	225.0	0	0	0	0
369	HPW047	0	29451.0	0	0	0	0	0	0	0	0	0	0	0	0
358	HPW036	0	24625.0	0	0	0	0	0	0	0	0	0	0	0	0
344	HPW022	0	16609.0	0	0	0	0	0	0	0	0	0	139.0	0	0
330	HPW008	0	31117.0	0	0	0	0	0	0	0	0	0	0	0	0
365	HPW043	0	36996.0	0	0	0	0	0	0	0	0	0	0	0	0
340	HPW018	0	48274.0	0	0	0	0	0	0	0	0	0	0	0	0
343	HPW021	0	11003.0	0	0	0	0	0	0	0	0	0	0	0	0
368	HPW046	0	18327.0	0	0	0	0	0	0	0	0	0	0	0	0
334	HPW012	0	28399.0	0	0	0	0	0	0	0	0	0	0	0	0
354	HPW032	0	7047.0	0	0	0	0	0	0	0	0	0	0	0	0
352	HPW030	0	46630.0	0	0	0	0	0	0	0	0	0	0	0	0
374	HPW052	0	26252.0	0	0	0	0	0	0	0	0	0	0	0	0
366	HPW044	0	13473.0	0	0	0	0	0	0	0	287.0	0	0	0	168.0
372	HPW050	0	21556.0	0	0	0	0	124.0	0	0	0	0	0	0	0
338	HPW016	0	25408.0	0	0	0	0	0	0	0	0	0	0	0	0
324	HPW002	0	10118.0	0	0	0	0	0	0	0	869.0	0	0	154.0	0
342	HPW020	0	23673.0	0	0	1409.0	0	0	0	0	0	0	0	0	0
337	HPW015	0	0	31290.0	0	0	0	0	0	0	0	0	0	0	0
370	HPW048	0	0	22903.0	0	0	0	0	0	0	0	0	0	0	0
349	HPW027	0	0	15471.0	0	0	0	0	0	0	0	0	0	0	0
350	HPW028	0	0	34322.0	0	0	0	0	0	0	0	0	0	0	0
345	HPW023	0	0	14243.0	0	0	0	0	0	0	0	0	0	0	0
363	HPW041	0	0	0	0	0	0	0	0	0	0	0	0	0	0
Sequence accession / SymPortal UID		513-766-588-313-276	513-766-313-588-1206	1402/513-313-766	1374	415	693	1477	795	484	332	470	568	68	57
Average defining sequence proportions and [stdev]		0.639[0.014]-0.124[0.035]-0.124[0.020]-0.082[0.035]-0.030[0.009]	0.609[0.028]-0.142[0.051]-0.131[0.053]-0.092[0.020]-0.026[0.011]	0.400[0.221]/0.385[0.165]-0.130[0.015]-0.085[0.063]	1.000[0.000]	1.000[0.000]	1.000[0.000]	1.000[0.000]	1.000[nan]	1.000[nan]	1.000[0.000]	1.000[nan]	1.000[nan]	1.000[nan]	1.000[nan]
